M 8
N 10
E 2
D 6
maxU 1 1 
-0.000160474 0.00239692 0.00379168 -0.000709908 -0.353927 -0.370043 0 -4.60517 0.000392976 -0.000322832 0.000182435 0.00100554 -0.360526 -0.36161 0 -4.60517 
0.0149706 -0.0606936 
-0.0818348 -0.213488 
-0.0620283 0.00250049 
0.128992 -0.172488 
0.00424523 0.0172052 
-0.00113933 -0.108471 
0.0645889 0.0953396 
0.00440893 -0.0686851 
0.00803597 0.00362084 
0.00126056 0.061293 
-0.0280667 -0.0111976 0.00798439 0.0138682 0.00521888 1.00286 
0.0238516 -0.0554332 0.0273229 -0.0411368 0.0161946 1.01226 
0.0579308 0.0120437 -0.0195121 0.00952215 0.0118244 1.01029 
0.0405788 -0.0218652 0.0167077 -0.0254441 0.0153024 1.00989 
0.00337167 0.0491241 0.00569465 0.000351148 -0.0293037 0.995245 
0.014506 -0.0099244 0.0157339 0.0074817 -0.0273732 0.996961 
-0.0983004 0.00102804 -0.0284942 0.0176267 0.0262905 1.01391 
0.0237544 -0.00711491 -0.03156 0.0465025 -0.0393602 0.991413 
-0.0141848 -0.028744 -0.017581 0.012115 -0.0328528 0.998046 
0.00779199 0.041155 -0.00176998 -0.0208588 0.0555218 1.00288 
